SpikeID,Stimulus_number,Latency (ms),Timestamp(ms)
0,84,313.49999999997635,1284947.5999999999
0,87,313.666666666677,1296950.9333333333
0,88,314.0333333333274,1300951.9666666668
0,89,314.16666666677884,1304952.7333333334
0,90,314.36666666672863,1308953.566666667
0,91,314.3999999999778,1312954.2666666666
0,92,314.5999999999276,1316955.0999999999
0,93,314.53333333342925,1320955.6666666667
0,94,314.73333333337905,1324956.5333333332
0,95,314.8000000001048,1328957.2333333336
0,96,314.73333333337905,1332957.7999999998
0,97,314.83333333335395,1336959.8
0,98,314.6999999999025,1340961.5666666667
0,99,314.93333333332885,1344963.7
0,100,314.63333333340415,1348965.3
0,101,314.7666666666282,1352967.3
0,102,314.6999999999025,1356969.1333333333
0,103,314.83333333335395,1360971.1666666667
0,104,315.13333333327864,1364973.3666666667
0,105,315.1666666667552,1368975.3
0,106,315.10000000002947,1372977.1333333335
0,107,315.03333333330374,1376978.9333333333
0,108,315.2666666667301,1380981.0666666667
0,109,315.1666666667552,1384982.8666666667
0,110,315.23333333325354,1388984.8333333335
0,112,315.20000000000437,1396988.6
0,113,315.2666666667301,1400990.5333333334
0,114,314.8000000001048,1404991.966666667
0,116,314.433333333227,1412995.4
0,117,315.8000000000811,1416998.6666666665
0,126,313.96666666660167,1453013.8666666667
0,129,314.6999999999025,1465020.2999999998
0,130,314.8000000001048,1469022.2666666668
0,132,315.2666666667301,1477026.5333333334
0,133,315.59999999990396,1481028.7666666666
0,135,314.3999999999778,1489031.3666666667
0,136,316.133333333255,1493034.9666666666
0,137,314.9000000000797,1497035.6333333333
0,138,314.9000000000797,1501037.5333333334
0,139,315.8666666665795,1505040.4000000001
0,140,315.900000000056,1509042.3333333333
0,142,315.33333333322844,1517045.5333333332
0,143,315.59999999990396,1521047.7000000002
0,144,316.0000000000309,1525050.0
0,145,316.16666666673154,1529052.0666666667
0,146,315.8333333333303,1533053.6333333335
0,148,315.7333333333554,1541057.3
0,150,315.2666666667301,1549060.6333333335
0,151,315.59999999990396,1553062.8666666667
0,152,315.7333333333554,1557064.9000000001
0,155,315.03333333330374,1569069.8666666667
0,157,315.23333333325354,1577071.3666666665
0,159,315.20000000000437,1585072.5999999999
0,160,315.70000000010623,1589075.0
0,163,315.2666666667301,1601080.2666666668
0,164,315.6333333333805,1605082.5333333334
0,165,315.8333333333303,1609084.5999999999
0,166,316.0000000000309,1613086.6666666667
0,168,315.5666666666548,1621090.0333333334
0,170,315.49999999992906,1629093.7666666666
0,171,315.70000000010623,1633095.8333333335
0,172,315.8666666665795,1637097.9
0,173,316.1000000000058,1641100.0333333334
0,174,316.1000000000058,1645101.9333333333
0,246,314.8666666666031,1965814.5666666667
0,247,315.33333333322844,1969816.9333333333
0,248,315.6333333333805,1973819.1333333333
0,249,315.7333333333554,1977821.1
0,250,315.8000000000811,1981823.066666667
0,251,315.8000000000811,1985824.9666666668
0,252,315.9666666665544,1989827.0333333332
0,253,316.0333333332801,1993829.0
0,254,316.06666666675665,1997830.9333333333
0,255,316.16666666673154,2001832.9000000001
0,257,315.6666666666297,2009836.2
0,258,315.9666666665544,2013838.4
0,259,316.1999999999807,2017840.5333333332
0,260,317.2666666666828,2021843.5
0,262,315.8000000000811,2029845.8
0,264,315.59999999990396,2037849.4
0,266,315.70000000010623,2045853.3000000003
0,267,316.06666666675665,2049855.5333333334
0,269,315.86666666680685,2057859.1333333333
0,271,315.900000000056,2065862.966666667
0,274,315.7666666666046,2077868.5
0,275,316.16666666650417,2081870.7999999996
0,277,316.03333333350747,2089874.466666667
0,279,316.1000000000058,2097878.3000000003
0,282,315.7333333333554,2109883.6333333333
0,283,316.23333333345727,2113886.0333333337
0,285,315.50000000015643,2141570.8333333335
0,286,316.06666666675665,2143573.2333333334
0,287,316.6000000001077,2145575.6
0,288,317.0666666665056,2147577.8666666667
0,289,317.59999999985666,2149580.233333333
0,290,318.0333333334602,2151582.5
0,293,317.2666666664554,2157587.1999999993
0,294,317.66666666680976,2159589.4
0,296,317.5333333333583,2163592.9333333336
0,297,318.06666666670935,2165595.2666666666
0,298,318.66666666655874,2167597.6999999997
0,301,317.8333333335104,2173602.3333333335
0,302,318.2999999999083,2175604.6333333333
0,303,318.766666666761,2177606.9000000004
0,305,318.6000000000604,2181610.4
0,309,317.5666666666075,2189616.6333333333
0,312,317.23333333320625,2195621.7666666666
0,313,317.70000000005894,2197624.066666667
0,314,318.3333333331575,2199626.533333333
0,316,318.26666666665915,2203630.0999999996
0,319,317.9333333332579,2209635.233333333
0,322,317.90000000000873,2215640.6666666665
0,324,317.70000000005894,2219644.1
0,327,317.59999999985666,2225649.4666666663
0,328,318.23333333341,2227651.9333333336
0,331,318.000000000211,2233657.166666667
0,333,318.0333333334602,2237660.8333333335
0,334,318.5333333331073,2239663.166666666
0,336,319.13333333341143,2243667.4000000004
0,338,318.66666666655874,2247670.6
0,339,319.1999999999098,2249672.933333333
0,342,317.0000000000073,2274423.5
0,343,317.70000000005894,2275425.966666667
0,344,318.3666666668614,2276428.4333333336
0,345,319.23333333315895,2277431.0666666664
0,348,319.46666666681267,2280436.6666666665
0,349,320.29999999986103,2281439.2999999993
0,352,320.4333333333125,2284444.7666666666
0,355,320.0333333334129,2287449.7333333334
0,356,320.90000000016516,2288452.4
0,357,320.93333333341434,2289454.2
0,360,320.5666666667639,2292459.1999999997
0,362,320.90000000016516,2294463.1000000006
0,363,321.8000000001666,2295465.8000000003
0,366,321.6000000002168,2298470.966666667
0,367,322.36666666676683,2299473.5
0,370,322.4333333332652,2302478.933333333
0,372,322.53333333346745,2304482.5999999996
0,374,322.66666666646415,2306486.3
0,376,322.93333333336705,2308490.166666667
0,379,322.633333333215,2311495.1999999997
0,381,323.2333333335191,2313499.3666666667
0,383,323.2333333335191,2315502.966666667
0,385,323.49999999996726,2317506.8
0,386,324.3999999999687,2318509.466666667
0,389,324.0000000000691,2321514.433333333
0,392,323.76666666687015,2324519.566666667
0,393,324.8333333331175,2325522.4
0,396,324.33333333347036,2328527.2666666666
0,397,325.13333333326955,2329529.866666666
0,398,326.1333333334733,2330532.633333334
0,400,325.9333333335235,2332536.0333333337
0,404,324.76666666661913,2336542.0
0,405,325.56666666687306,2337544.566666667
0,406,326.5000000001237,2338547.3000000003
0,410,324.9666666665689,2342552.9
0,411,326.0000000000218,2343555.7333333334
0,414,325.56666666687306,2346560.666666667
0,415,326.4333333331706,2347563.3
0,416,327.69999999982247,2348566.366666666
0,419,326.6666666668243,2351570.7
0,420,327.49999999987267,2352573.2999999993
0,423,326.799999999821,2355577.966666667
0,425,326.799999999821,2357581.533333333
0,426,327.900000000227,2358584.4333333336
0,427,328.5999999998239,2359586.9
0,430,327.6666666665733,2362591.3333333335
0,431,328.5000000000764,2363593.966666667
0,434,327.80000000002474,2366598.6
0,435,319.3999999998596,2448785.933333333
0,436,319.8000000002139,2452788.233333334
0,437,320.2000000001135,2456790.5333333337
0,438,320.4000000000633,2460792.6
0,439,320.63333333326227,2464794.7333333334
0,440,320.7666666667137,2468796.7666666666
0,441,320.7999999999629,2472798.6999999997
0,442,320.9666666666635,2476800.7666666666
0,443,320.9666666666635,2480802.666666667
0,444,321.1999999998625,2484804.7666666666
0,445,321.13333333336413,2488806.6000000006
0,446,321.1666666666133,2492808.533333333
0,447,321.23333333311166,2496810.4999999995
0,448,321.2666666668156,2500812.4333333336
0,449,321.5333333332637,2504814.6
0,450,321.4333333335162,2508816.3666666667
0,452,320.90000000016516,2516819.6333333333
0,453,321.1999999998625,2520821.833333333
0,456,320.53333333351475,2532826.8333333335
0,457,321.10000000011496,2536829.3000000003
0,460,320.70000000021537,2548834.6
0,461,321.33333333331393,2552837.1333333333
0,464,321.0666666668658,2564842.5333333337
0,466,321.3999999998123,2572846.6666666665
0,467,321.6666666667152,2576848.8333333335
0,470,321.2666666668156,2588854.1
0,471,321.96666666686724,2592856.7
0,473,321.8333333334158,2600860.3666666667
0,474,321.5333333332637,2630352.033333333
0,475,321.6666666667152,2630853.933333333
0,476,322.53333333346745,2631356.566666667
0,477,323.53333333321643,2631859.3333333335
0,478,324.53333333342016,2632362.1
0,482,325.20000000022264,2634369.8333333335
0,484,325.96666666677265,2635374.1333333333
0,486,326.6333333331204,2636378.333333333
0,489,327.0666666667239,2637884.0666666664
0,491,327.8333333332739,2638888.3666666667
0,492,328.63333333352784,2639390.9333333336
0,493,329.40000000007785,2639893.466666667
0,497,329.6333333332768,2641900.8
0,498,330.3000000000793,2642403.2333333334
0,500,331.0666666666293,2643407.5333333337
0,504,330.83333333343035,2645414.3666666667
0,506,331.63333333322953,2646418.6999999997
0,508,331.9666666666308,2647422.5666666664
0,510,332.63333333343326,2648426.766666667
0,511,333.9666666665835,2648929.866666666
0,514,333.70000000013533,2650434.9000000004
0,515,335.3333333334376,2650938.3000000003
0,518,334.93333333353803,2652443.2
0,521,335.166666666737,2653948.766666667
0,522,336.63333333333867,2654452.0
0,525,336.3666666668905,2655957.0333333337
0,526,337.7666666665391,2656460.2
0,528,338.1333333331895,2657464.0999999996
0,530,338.66666666654055,2658468.1666666665
0,533,338.9999999999418,2659973.8
0,535,339.566666666542,2660977.9
0,536,340.6333333332441,2661480.7333333334
0,539,340.16666666684614,2662985.566666667
0,540,341.5666666664947,2663488.733333333
0,541,342.36666666674864,2663991.3000000003
0,542,343.6333333334005,2664494.3666666667
0,547,341.6333333334478,2667001.2
0,548,343.1666666665478,2667504.5
0,549,344.2333333332499,2668007.3333333335
0,550,345.4666666666526,2668510.333333333
0,554,343.96666666680176,2670515.9000000004
0,555,345.23333333345363,2671018.933333333
0,556,346.7333333333045,2671522.1999999997
0,561,344.7000000001026,2674029.0
0,562,346.1000000002059,2674532.166666667
0,563,347.16666666645324,2675035.0
0,564,348.39999999985594,2675538.0
0,565,349.4999999998072,2676040.9
0,570,347.03333333345654,2678547.266666667
0,571,348.56666666655656,2679050.566666667
0,572,349.60000000000946,2679553.3666666667
0,573,350.46666666676174,2680056.0
0,578,348.46666666680903,2682562.8333333335
0,579,350.26666666681194,2683066.4000000004
0,580,350.9333333331597,2683568.8333333335
0,584,349.70000000021173,2685574.666666667
0,585,351.1666666668134,2686077.9000000004
0,590,348.8999999999578,2688584.5
0,591,350.26666666681194,2689087.633333334
0,592,351.566666666713,2689590.7
0,593,352.63333333341507,2690093.533333333
0,598,350.3333333333103,2692600.066666667
0,599,351.90000000011423,2693103.4
0,600,352.8999999998632,2693606.1666666665
0,604,351.40000000001237,2695611.7333333334
0,605,352.7666666668665,2696114.8666666667
0,606,353.83333333311384,2696617.6999999997
0,607,357.3999999998705,2697123.033333333
0,612,351.0000000001128,2699625.5
0,613,352.66666666666424,2700128.9333333336
0,614,353.79999999986467,2700631.8333333335
0,615,354.66666666661695,2701134.4666666663
0,616,353.03333333331466,2701634.6
0,620,352.3666666665122,2703641.0
0,621,354.0333333335184,2704144.4333333336
0,622,354.86666666656674,2704647.033333333
0,627,353.099999999813,2707154.0999999996
0,628,354.7333333331153,2707657.5
0,629,355.50000000012005,2708160.0333333337
0,630,356.4000000001215,2708662.7
0,635,354.06666666676756,2711169.2333333334
0,636,355.733333333319,2711672.666666667
0,637,356.49999999986903,2712175.1999999997
0,638,357.3666666666213,2712677.833333333
0,643,355.23333333321716,2715184.533333333
0,644,356.6333333333205,2715687.6999999997
0,645,357.833333333474,2716190.666666667
0,646,358.4000000000742,2716693.0
0,653,354.966666666769,2720201.933333333
0,654,356.56666666682213,2720705.3000000003
0,655,357.5666666665711,2721208.0666666664
0,656,358.53333333352566,2721710.8000000003
0,657,359.4333333335271,2722213.5000000005
0,661,357.8666666667232,2724219.0
0,662,359.1999999998734,2724722.1
0,663,360.0666666666257,2725224.7333333334
0,664,361.0333333331255,2725727.4666666663
0,667,359.89999999992506,2727231.6333333333
0,671,358.73333333347546,2729237.533333333
0,672,360.36666666677775,2729740.9333333336
0,673,361.1999999998261,2730243.533333333
0,674,361.8666666666286,2730745.966666667
0,675,346.4666666668563,2731232.3333333335
0,676,373.7333333333481,2731761.3666666667
0,677,361.23333333353,2732250.633333334
0,680,360.53333333347837,2733755.2333333334
0,681,362.09999999982756,2734258.5999999996
0,682,363.0666666667821,2734761.3333333335
0,686,361.1999999998261,2736766.5333333327
0,687,363.2666666667319,2737270.3666666667
0,690,361.53333333322735,2738773.9333333336
0,691,363.16666666652964,2739277.333333333
0,692,364.1333333334842,2739780.066666667
0,693,365.2999999999338,2740283.0
0,701,361.0333333331255,2744292.8666666667
0,702,362.5333333334311,2744796.1333333333
0,703,363.13333333328046,2745298.5
0,704,363.8666666665813,2745801.033333333
0,705,364.866666666785,2746303.8000000003
0,706,365.6999999998334,2746806.4
0,707,366.36666666663587,2747308.8333333335
0,708,367.40000000008877,2747811.6333333333
0,709,367.99999999993815,2748314.0
0,710,368.733333333239,2748816.5
0,711,369.7333333334427,2749319.266666667
0,730,328.76666666652454,2865132.0666666664
0,731,329.1666666668789,2869133.133333334
0,737,328.7000000000262,2893136.533333333
0,738,329.2999999998756,2897137.7666666666
0,739,329.6333333332768,2901138.7333333334
0,742,329.33333333312476,2913140.3666666667
0,743,329.6999999997752,2917141.4
0,744,330.06666666688034,2921142.4000000004
0,747,329.4666666665762,2933143.7333333334
0,748,329.8333333332266,2937144.733333333
0,749,329.8666666664758,2941145.433333333
0,753,329.40000000007785,2957147.533333333
0,754,329.7333333334791,2961148.5000000005
0,756,329.8333333332266,2969149.9
0,759,329.5333333335293,2981151.5333333337
0,760,330.06666666688034,2985152.7
0,762,329.8333333332266,2993153.766666666
0,763,330.56666666652745,2997155.1333333333
0,766,329.76666666672827,3009156.266666667
0,767,330.0333333331764,3013157.1666666665
0,768,330.5000000000291,3017158.3000000003
0,770,329.99999999992724,3025159.0666666664
0,771,330.43333333353075,3029160.166666667
0,772,330.63333333348055,3033161.0
0,773,330.83333333343035,3037161.8333333335
0,776,329.79999999997744,3049222.8
0,777,329.6999999997752,3053260.8333333335
0,778,329.8666666664758,3057261.6666666665
0,779,330.16666666662786,3061262.6
0,780,330.36666666657766,3065263.433333333
0,781,330.5999999997766,3069264.333333333
0,782,330.46666666677993,3073264.8333333335
0,783,331.766666666681,3077266.7666666666
0,784,331.20000000008076,3081266.8666666667
0,785,339.06666666644014,3085275.366666666
0,786,337.4666666668418,3089274.4000000004
0,787,336.2333333334391,3093273.8333333335
0,788,335.3666666666868,3097273.6
0,789,334.5666666668876,3101273.4333333336
0,790,334.5333333331837,3105274.0666666664
0,791,334.1000000000349,3109274.2666666666
0,792,333.50000000018554,3113274.3
0,793,333.1333333335351,3117274.6
0,794,333.066666666582,3121275.166666667
0,795,332.8000000001339,3125275.533333333
0,796,332.9666666668345,3129276.366666667
0,797,332.39999999977954,3133276.433333333
0,798,332.7333333331808,3137277.4
0,799,331.99999999987995,3141277.3333333335
0,800,332.300000000032,3145278.2666666666
0,801,332.6000000001841,3149279.2
0,802,332.19999999982974,3153279.4666666663
0,803,332.4999999999818,3157280.4
0,804,332.4999999999818,3161281.033333333
0,805,332.66666666668243,3165281.8666666667
0,806,332.43333333348346,3169282.2666666666
0,807,332.46666666673264,3173282.9333333336
0,808,332.39999999977954,3177283.533333333
0,809,332.36666666653036,3181284.1333333333
0,810,332.4999999999818,3185284.9
0,811,332.7666666668847,3189285.8333333335
0,812,332.66666666668243,3193286.3666666667
0,813,343.76666666685196,3197298.1
0,814,341.73333333319533,3201296.733333333
0,815,340.2000000000953,3205295.8333333335
0,816,338.9666666666926,3209295.2333333334
0,817,338.1333333331895,3213295.033333333
0,818,337.50000000009095,3217295.0666666664
0,819,336.8999999997868,3221295.0999999996
0,820,336.6000000000895,3225295.433333333
0,821,336.0333333334893,3229295.533333333
0,822,335.5666666666366,3233295.7
0,823,335.0999999997839,3237295.866666666
0,824,334.6999999998843,3241296.1333333333
0,825,335.06666666653473,3245297.133333333
0,826,334.5333333331837,3249297.2333333334
0,827,334.8000000000866,3253298.166666667
0,828,334.1000000000349,3257298.1
0,829,334.36666666648307,3261299.0
0,830,334.0333333335366,3265299.3333333335
0,831,333.99999999983265,3269299.933333333
0,832,334.36666666648307,3273300.933333333
0,833,334.1666666665333,3277301.4
0,834,334.2999999999847,3281302.166666667
0,835,334.0333333335366,3285302.5333333337
0,836,334.1666666665333,3289303.3333333335
0,837,333.9666666665835,3293303.7666666666
0,838,334.19999999978245,3297304.6333333333
0,839,333.83333333313203,3301304.933333333
0,840,333.79999999988286,3305305.533333333
0,841,333.9666666665835,3309306.3333333335
0,842,334.1666666665333,3313307.1999999997
0,843,333.43333333323244,3317307.1
0,844,333.63333333318224,3321307.933333333
0,845,333.9333333333343,3325308.9
0,846,333.59999999993306,3329309.2
0,847,333.66666666688616,3333309.9000000004
0,848,333.5666666666839,3337310.466666667
0,849,333.50000000018554,3341311.033333333
0,850,333.3666666667341,3345311.5333333337
0,851,333.3333333334849,3349312.166666667
0,852,333.50000000018554,3353312.966666667
0,853,333.3666666667341,3357313.466666667
0,854,333.43333333323244,3361314.1999999997
0,855,333.4666666664816,3365314.8666666667
0,856,333.3666666667341,3369315.4
0,857,333.43333333323244,3373316.1333333333
0,858,333.2666666665318,3377316.5999999996
0,859,333.5333333334347,3381317.5
0,860,333.43333333323244,3385318.066666667
0,861,333.3333333334849,3389318.6
0,862,333.39999999998327,3393319.3000000003
0,863,333.4666666664816,3397320.0333333327
0,864,333.39999999998327,3401320.6
0,865,333.5333333334347,3405321.3666666667
0,866,333.59999999993306,3409322.1
0,867,333.83333333313203,3413322.966666667
0,868,333.66666666688616,3417323.4333333336
0,869,333.5666666666839,3421324.0
0,870,333.39999999998327,3425324.4666666663
0,871,333.59999999993306,3429325.3
0,872,333.5333333334347,3433325.9000000004
0,873,333.5333333334347,3437326.533333333
0,874,332.9333333331306,3441326.5666666664
0,875,333.3333333334849,3445327.6333333333
0,876,333.299999999781,3449328.2333333334
0,877,333.39999999998327,3453328.9666666663
0,878,333.2666666665318,3457329.466666667
0,879,333.43333333323244,3461330.3000000003
0,880,333.50000000018554,3465331.0
0,881,333.43333333323244,3469331.566666667
0,882,333.3333333334849,3473332.1333333333
0,883,333.3333333334849,3477332.766666667
0,884,333.20000000003347,3481333.2666666666
0,885,333.3333333334849,3485334.066666667
0,886,333.0999999998312,3489334.466666667
0,887,333.299999999781,3493335.3
0,888,333.3333333334849,3497336.0000000005
0,889,333.2666666665318,3501336.5666666664
0,890,333.299999999781,3505337.2333333334
0,891,332.9333333331306,3509337.533333333
0,892,332.7666666668847,3513338.0
0,893,332.66666666668243,3517338.5333333337
0,894,332.8000000001339,3521339.3333333335
0,895,332.6999999999316,3525339.8666666667
0,896,332.36666666653036,3529340.1666666665
0,897,332.36666666653036,3533340.833333333
0,898,332.43333333348346,3537341.5333333337
0,899,332.36666666653036,3541342.0999999996
0,900,332.06666666683304,3545342.466666667
0,901,332.1000000000822,3549343.1333333333
0,902,332.06666666683304,3553343.7333333334
0,903,332.0333333331291,3557344.366666666
0,904,332.06666666683304,3561345.0333333337
0,905,331.99999999987995,3565345.6
0,906,331.86666666688325,3569346.1333333333
0,907,331.8333333331793,3573346.7333333334
0,908,331.9000000001324,3577347.4333333336
0,910,331.86666666688325,3585348.7
0,911,331.7000000001826,3589349.166666667
0,912,331.6666666664787,3593349.8
0,913,331.5666666667312,3597350.3333333335
0,914,331.3333333335322,3601350.733333334
0,916,336.9666666667399,3609357.666666667
0,917,335.03333333328555,3613356.366666666
0,918,333.99999999983265,3617356.0
0,919,332.9666666668345,3621355.6
0,920,332.39999999977954,3625355.6666666665
0,921,331.9666666666308,3629355.9
0,922,331.766666666681,3633356.333333333
0,923,331.40000000003056,3637356.6
0,924,330.9666666668818,3641356.833333334
0,925,330.7333333332281,3645357.2333333334
0,926,330.46666666677993,3649357.6
0,927,330.3000000000793,3653358.1
0,928,329.9000000001797,3657358.3333333335
0,929,329.9000000001797,3661358.966666667
0,930,329.96666666667807,3665359.7
0,931,329.6999999997752,3669360.0666666664
0,932,329.666666666526,3673360.6666666665
0,933,329.5333333335293,3677361.2
0,934,329.2666666666264,3681361.5666666664
0,935,329.2666666666264,3685362.2
0,936,329.2666666666264,3689362.8666666667
0,937,329.03333333342744,3693363.2666666666
0,938,329.03333333342744,3697363.9000000004
0,939,329.0999999999258,3701364.6333333333
0,940,328.899999999976,3705365.066666667
0,941,329.00000000017826,3709365.8
0,942,328.83333333347764,3713366.266666667
0,943,328.7999999997737,3717366.9
0,944,328.666666666777,3721367.4
0,945,328.76666666652454,3725368.1333333333
0,946,328.7000000000262,3729368.7333333334
0,948,328.4333333331233,3737369.733333333
0,949,328.7999999997737,3741370.7666666666
0,950,328.899999999976,3745371.5
0,951,329.20000000012806,3749372.4333333336
0,952,329.20000000012806,3753373.1
0,953,329.20000000012806,3757373.7333333334
0,954,329.0999999999258,3761374.2666666666
0,955,329.00000000017826,3765374.8333333335
0,956,329.0666666666766,3769375.533333333
0,957,328.5999999998239,3773375.7
0,958,328.56666666657475,3777376.333333333
0,959,328.63333333352784,3781377.0333333337
0,960,328.666666666777,3785377.7
0,961,328.5333333333256,3789378.2333333334
0,962,328.5333333333256,3793378.866666666
0,963,324.8666666668214,3931251.7333333334
0,964,325.0666666667712,3939252.7
0,965,324.93333333331975,3947253.3666666667
0,966,324.93333333331975,3955254.1666666665
0,967,324.93333333331975,3963254.933333333
0,968,324.7999999998683,3971255.6
0,969,324.7999999998683,3979256.4
0,970,324.500000000171,3987256.866666667
0,971,324.6666666668716,3995257.8333333335
0,972,324.7999999998683,4003258.766666666
0,973,324.6666666668716,4011259.4000000004
0,974,324.7000000001208,4019260.2333333334
0,975,324.76666666661913,4027261.1
0,976,324.56666666666933,4035261.666666667
0,977,324.53333333342016,4043262.433333333
0,978,324.7999999998683,4051263.5
0,979,324.73333333336996,4059264.2
0,980,324.6333333331677,4067264.8999999994
0,981,324.7000000001208,4075265.766666667
0,982,324.73333333336996,4083266.566666667
0,983,324.6666666668716,4091257.266666667
0,984,324.9666666665689,4095258.1999999997
0,985,325.1333333337243,4099259.0
0,986,325.266666666721,4103259.8
0,988,325.36666666692327,4111261.166666667
0,989,325.49999999991996,4115261.966666666
0,990,325.46666666621604,4119262.5666666664
0,991,325.73333333311894,4123263.4666666663
0,992,325.63333333291666,4127264.0333333327
0,993,325.73333333311894,4131264.766666667
0,994,325.89999999981956,4135265.566666667
0,995,325.73333333311894,4139266.066666667
0,996,325.89999999981956,4143266.8666666667
0,997,326.1000000002241,4147267.7
0,998,325.9666666663179,4151268.2333333334
0,999,326.0000000000218,4155268.9
0,1000,325.9333333335235,4159269.466666667
0,1001,325.9333333335235,4163270.1333333333
0,1002,326.2666666669247,4167271.1
0,1003,326.2666666669247,4171284.7
0,1004,326.6333333331204,4173285.633333333
0,1005,327.1000000004278,4175286.666666667
0,1007,328.0000000004293,4179288.7
0,1008,328.2666666664227,4181289.5666666664
0,1009,328.80000000022847,4183290.666666667
0,1010,329.0999999999258,4185291.533333333
0,1011,329.33333333312476,4187292.333333333
0,1012,329.60000000002765,4189293.1666666674
0,1013,329.8000000004322,4191293.9333333336
0,1014,330.2000000003318,4193294.9333333336
0,1015,330.39999999982683,4195295.699999999
0,1016,330.39999999982683,4197296.266666668
0,1017,330.766666666932,4199297.2
0,1018,331.199999999626,4201298.2
0,1019,331.199999999626,4203298.766666666
0,1020,331.5666666667312,4205299.733333333
0,1021,331.66666666693345,4207300.4
0,1022,331.9000000001324,4209301.200000001
0,1023,332.1666666670353,4211302.033333333
0,1024,332.2666666663281,4213302.7
0,1025,332.5666666669349,4215303.566666666
0,1026,332.6999999999316,4217304.3
0,1027,332.8666666666322,4219305.033333333
0,1028,332.8333333329283,4221305.566666667
0,1029,333.06666666703677,4223306.366666666
0,1030,333.20000000003347,4225307.066666667
0,1031,333.33333333303017,4227307.766666666
0,1032,333.400000000438,4229308.433333334
0,1033,333.30000000023574,4231309.233333333
0,1034,332.2666666663281,4235308.866666666
0,1035,331.36666666632664,4239308.6
0,1036,330.6666666667297,4243308.533333333
0,1037,330.0666666664256,4247308.6
0,1038,329.666666666526,4251308.833333333
0,1040,329.06666666622186,4259309.533333333
0,1041,328.5999999998239,4263309.7
0,1042,328.36666666662495,4267310.100000001
0,1043,328.1666666662204,4271310.566666666
0,1044,328.0000000004293,4275311.033333334
0,1045,327.7333333335264,4279311.4
0,1046,328.0333333332237,4283312.366666667
0,1047,327.93333333302144,4287312.899999999
0,1048,327.80000000002474,4291313.4
0,1049,327.83333333372866,4295314.100000001
0,1050,327.56666666682577,4299314.466666667
0,1051,327.53333333312185,4303315.066666666
0,1052,327.56666666682577,4307315.766666667
0,1053,327.7333333335264,4311316.566666666
0,1054,327.66666666702804,4315317.133333334
0,1055,327.66666666702804,4319317.8
0,1056,327.69999999982247,4323318.466666667
0,1057,327.5000000003274,4327318.9
0,1059,327.66666666702804,4335320.366666667
0,1060,327.56666666682577,4339320.9
0,1061,327.53333333312185,4343321.533333334
0,1063,326.29999999971915,4471306.866666667
0,1064,326.9000000000233,4471807.966666667
0,1065,327.5999999996202,4472309.199999999
0,1066,328.7000000000262,4472810.8
0,1067,329.9333333334289,4473312.566666666
0,1068,331.10000000033324,4473814.233333333
0,1069,332.19999999982974,4474315.866666667
0,1070,333.0999999998312,4474817.3
0,1071,334.1666666665333,4475318.866666666
0,1072,335.2666666669393,4475820.5
0,1073,336.50000000034197,4476322.233333333
0,1074,337.4666666668418,4476823.733333333
0,1075,338.6333333337461,4477325.4
0,1076,339.6666666667443,4477826.966666668
0,1077,340.7666666662408,4478328.566666666
0,1078,342.0666666670513,4478830.399999999
0,1079,343.1000000000495,4479331.933333333
0,1080,344.13333333304763,4479833.5
0,1081,345.09999999954744,4480335.0
0,1082,346.4333333331524,4480836.833333334
0,1083,347.30000000035943,4481338.233333333
0,1084,348.53333333376213,4481839.966666667
0,1085,345.299999999952,4482337.266666667
0,1086,350.36666666655947,4482842.833333333
0,1087,351.43333333326154,4483344.433333334
0,1088,352.0333333335657,4483845.533333334
0,1089,353.06666666656383,4484347.1
0,1090,353.8333333335686,4484848.366666667
0,1091,354.6333333333678,4485349.7
0,1092,355.6666666663659,4485851.233333332
0,1093,356.26666666667006,4486352.366666667
0,1094,357.20000000037544,4486853.833333334
0,1095,357.833333333474,4487354.966666667
0,1096,358.43333333377814,4487856.1
0,1097,359.30000000007567,4488357.466666667
0,1098,359.9999999996726,4488858.7
0,1099,360.5999999999767,4489359.8
0,1100,361.20000000028085,4489860.9333333345
0,1101,362.03333333378396,4490362.266666667
0,1102,362.7666666670848,4490863.533333333
0,1103,363.36666666647943,4491364.633333333
0,1104,363.8666666665813,4491865.666666667
0,1105,364.59999999988213,4492366.933333334
0,1106,364.9999999997817,4492867.833333334
0,1107,365.7000000002881,4493369.066666667
0,1108,366.43333333358896,4493870.3
0,1109,366.83333333348855,4494371.233333333
0,1110,367.2999999998865,4494872.2
0,1111,367.90000000019063,4495373.333333334
0,1112,368.4000000002925,4495874.333333334
0,1113,369.03333333339106,4496375.5
0,1114,369.43333333329065,4496876.4
0,1115,370.0666666663892,4497377.566666666
0,1116,370.53333333369665,4497878.566666667
0,1117,371.06666666659294,4498379.600000001
0,1118,371.4333333336981,4498880.5
0,1119,372.133333333295,4499381.7
0,1120,372.5000000004002,4499882.6
0,1121,372.99999999959255,4500383.6
0,1122,373.3333333329938,4500884.466666667
0,1123,374.0666666662946,4501385.7
0,1124,374.76666666680103,4501886.9333333345
0,1125,375.20000000040454,4502387.866666667
0,1127,376.100000000406,4503389.8
0,1128,376.766666666299,4503891.0
0,1129,377.1666666671081,4504391.9333333345
0,1130,376.46666666660167,4504891.733333333
0,1131,378.20000000010623,4505394.0
0,1133,379.1333333329021,4506395.966666666
0,1134,379.3666666670106,4506896.7
0,1135,379.8333333334085,4507397.7
0,1136,380.29999999980646,4507898.666666667
0,1137,380.7999999999083,4508399.7
0,1138,381.3000000000102,4508900.7
0,1139,381.9999999996071,4509401.933333333
0,1140,382.1666666663077,4509902.633333333
0,1141,382.6666666664096,4510403.633333334
0,1142,383.20000000021537,4510904.7
0,1143,383.60000000011496,4511405.6
0,1144,384.2000000004191,4511906.733333333
0,1145,384.7333333333154,4512407.766666667
0,1146,385.10000000042055,4512908.666666667
0,1148,386.03333333321643,4513910.633333334
0,1149,386.59999999981665,4514411.699999999
0,1150,387.03333333342016,4514912.666666666
0,1151,387.56666666631645,4515413.699999999
0,1152,387.99999999991996,4515914.666666667
0,1153,388.4666666663179,4516415.666666667
0,1154,388.96666666641977,4516916.666666667
0,1155,389.36666666631936,4517417.6
0,1156,389.7999999999229,4517918.533333333
0,1157,390.2666666663208,4518419.533333333
0,1158,390.633333333426,4518920.4
0,1159,391.3333333330229,4519421.633333334
0,1160,391.7333333329225,4519922.533333333
0,1161,392.13333333373157,4520423.466666667
0,1162,392.5666666664256,4520924.399999999
0,1163,393.2999999997264,4521425.666666666
0,1164,393.60000000033324,4521926.500000001
0,1165,394.16666666693345,4522427.566666667
0,1166,394.5000000003347,4522928.433333334
0,1167,395.033333333231,4523429.466666667
0,1168,395.56666666703677,4523930.533333333
0,1169,396.133333333637,4524431.6
0,1170,396.4333333333343,4524932.433333334
0,1172,397.3666666670397,4525934.400000001
0,1173,397.73333333323535,4526435.266666667
0,1174,398.29999999983556,4526936.366666666
0,1175,398.6333333332368,4527437.233333333
0,1176,399.3333333337432,4527938.433333334
0,1177,399.53333333323826,4528439.166666667
0,1178,400.1333333335424,4528940.266666668
0,1179,400.6666666664387,4529441.333333333
0,1180,401.1000000000422,4529942.266666667
0,1181,401.6333333329385,4530443.333333333
0,1182,401.9333333335453,4530944.133333334
0,1183,402.39999999994325,4531445.133333334
0,1184,403.0000000002474,4531946.233333334
0,1185,403.23333333344635,4532447.0
0,1186,404.3666666666468,4532948.633333334
0,1187,404.59999999984575,4533449.399999999
0,1188,405.2000000001499,4533950.533333333
0,1189,405.6000000000495,4534451.433333334
0,1190,405.6000000000495,4534951.966666667
0,1191,406.1666666666497,4535453.033333333
0,1192,406.6000000002532,4535954.0
0,1193,407.19999999964784,4536455.1
0,1194,407.73333333345363,4536956.166666667
0,1195,407.90000000015425,4537456.833333334
0,1196,408.6333333334551,4537958.100000001
0,1197,409.0333333333547,4538459.0
0,1198,409.53333333345654,4538960.033333333
0,1199,409.66666666645324,4539460.699999999
0,1200,410.4666666662524,4539962.0
0,1201,411.2999999997555,4540463.366666667
0,1202,411.86666666635574,4540964.433333334
0,1203,412.3333333336632,4541465.433333334
0,1204,412.6333333333605,4541966.233333333
0,1205,413.1999999999607,4542467.333333333
0,1206,413.066666666964,4542967.7
0,1207,414.06666666625824,4543469.233333333
0,1208,414.09999999996217,4543969.766666667
0,1209,414.63333333376795,4544470.833333334
0,1210,415.46666666636156,4544972.166666666
0,1211,415.73333333326445,4545472.966666666
0,1212,416.3333333335686,4545974.100000001
0,1213,416.9000000001688,4546475.166666667
0,1214,417.3333333337723,4546976.133333334
0,1215,417.699999999968,4547477.0
0,1216,420.10000000027503,4547979.933333333
0,1217,419.9333333335744,4548480.266666667
0,1218,420.39999999997235,4548981.266666667
0,1219,420.39999999997235,4549481.766666667
0,1220,420.8666666663703,4549982.766666667
0,1221,421.66666666707897,4550484.066666666
0,1222,422.16666666627134,4550985.099999999
0,1223,422.30000000017753,4551485.766666667
0,1224,422.6333333335788,4551986.600000001
0,1225,422.9333333332761,4552487.433333334
0,1226,425.59999999957654,4552990.6
0,1227,425.4333333337854,4553490.966666667
0,1228,425.76666666627716,4553991.8
0,1229,427.80000000038854,4554494.366666667
0,1230,426.5333333332819,4554993.6
0,1231,426.56666666698584,4555494.166666667
0,1232,426.9000000003871,4555995.000000001
0,1233,427.7666666666846,4556496.4
0,1234,428.5666666664838,4556997.733333332
0,1235,428.36666666698875,4557498.033333333
0,1236,428.79999999968277,4557999.0
0,1237,429.5333333329836,4558500.233333333
0,1238,430.6333333333896,4559001.866666667
0,1239,430.43333333298506,4559502.166666666
0,1240,431.1999999999898,4560003.466666666
0,1241,431.40000000039436,4560504.166666667
0,1242,431.80000000029395,4561005.100000001
0,1243,431.96666666699457,4561505.766666668
0,1244,432.20000000019354,4562006.533333334
0,1245,433.2666666668956,4562508.1
0,1246,433.100000000195,4563008.466666666
0,1247,433.86666666629026,4563509.766666666
0,1248,434.0333333329909,4564010.433333333
0,1249,434.2333333333954,4564511.166666667
0,1250,434.26666666709934,4565011.700000001
0,1251,434.79999999999563,4565512.766666667
0,1252,435.63333333349874,4566014.100000001
0,1253,435.5666666670004,4566514.566666666
0,1254,436.59999999999854,4567016.1
0,1255,436.46666666700185,4567516.500000001
0,1256,436.8333333331975,4568017.366666667
0,1257,437.56666666649835,4568518.633333333
0,1258,437.3333333332994,4569018.933333333
0,1259,437.70000000040454,4569519.8
0,1260,438.10000000030414,4570020.733333333
0,1261,439.266666666299,4570522.399999999
0,1262,439.63333333340415,4571023.300000001
0,1263,439.33333333370683,4571523.5
0,1264,439.8000000001048,4572024.5
0,1265,440.30000000020664,4572525.5
0,1266,440.366666666705,4573026.1
0,1267,440.46666666690726,4573526.7
0,1268,440.70000000010623,4574027.466666668
0,1269,441.53333333360933,4574528.800000001
0,1270,441.6333333329021,4575029.433333333
0,1271,442.10000000020955,4575530.433333334
0,1272,441.96666666630335,4576030.8
0,1273,442.5666666666075,4576531.933333334
0,1274,442.8333333335104,4577032.700000001
0,1275,443.3666666664067,4577533.766666667
0,1276,443.6999999998079,4578034.6
0,1277,444.0999999997075,4578535.533333333
0,1278,444.59999999980937,4579036.533333333
0,1279,444.9000000004162,4579537.366666667
0,1280,445.4333333333125,4580038.4
0,1282,445.7333333330098,4581039.766666666
0,1283,446.1666666666133,4581540.699999999
0,1284,446.1333333329094,4582041.199999999
0,1285,446.50000000001455,4582542.066666666
0,1286,447.16666666681704,4583043.266666668
0,1287,447.90000000011787,4583544.5
0,1288,447.5666666667166,4584044.699999999
0,1289,449.23333333372284,4584546.866666666
0,1290,448.500000000422,4585046.666666667
0,1291,448.733333333621,4585547.4
0,1292,448.4666666667181,4586047.666666667
0,1293,448.83333333291375,4586548.566666666
0,1294,449.13333333352057,4587049.366666667
0,1295,448.16666666702076,4587548.933333334
0,1296,449.53333333342016,4588050.8
0,1297,450.06666666631645,4588551.866666666
0,1298,449.9666666670237,4589052.266666668
0,1299,450.63333333291666,4589553.466666666
0,1300,449.9999999998181,4590053.333333333
0,1301,451.1333333330185,4590554.999999999
0,1302,451.799999999821,4591056.166666666
0,1303,452.03333333302,4591556.933333334
0,1304,452.5000000003274,4592057.9
0,1305,452.8666666665231,4592558.8
0,1306,455.8666666662248,4593062.333333332
0,1310,450.8333333333212,4595059.366666667
0,1311,450.5666666664183,4595559.6
0,1312,451.16666666672245,4596060.733333332
0,1313,451.7666666670266,4596561.833333333
0,1314,451.9333333337272,4597062.533333334
0,1315,451.9333333337272,4597563.033333334
0,1316,451.69999999961874,4598063.333333334
0,1317,452.83333333372866,4598565.000000001
0,1318,453.8333333330229,4599066.5
0,1319,454.46666666703095,4599567.666666667
0,1320,454.433333333327,4600068.133333333
0,1322,452.4333333329196,4601067.166666667
0,1323,452.26666666621895,4601567.533333333
0,1324,452.8666666665231,4602068.633333334
0,1326,454.3666666668287,4603071.166666667
0,1327,454.06666666622186,4603571.399999999
0,1328,454.5666666663237,4604072.4
0,1329,455.766666666932,4604574.133333334
0,1331,455.9333333336326,4605575.333333333
0,1332,456.23333333332994,4606076.166666667
0,1333,456.76666666622623,4606577.199999999
0,1334,457.09999999962747,4607078.066666666
0,1335,457.7333333336355,4607579.2
0,1336,458.06666666703677,4608080.066666667
0,1337,458.03333333333285,4608580.533333334
0,1338,458.400000000438,4609081.433333334
0,1339,459.66666666663514,4609583.2
0,1340,459.30000000043947,4610083.366666667
0,1341,457.8666666666322,4610582.466666667
0,1342,454.666666666526,4611079.766666667
0,1343,455.56666666652745,4611581.199999999
0,1344,457.06666666683304,4612083.2
0,1345,457.23333333353366,4612583.9
0,1346,457.300000000032,4613084.466666667
0,1347,457.6999999999316,4613585.4
0,1348,458.20000000003347,4614086.4
0,1349,458.06666666703677,4614586.8
0,1350,459.13333333373885,4615088.366666667
0,1351,458.59999999993306,4615588.366666667
0,1352,459.66666666663514,4616089.966666667
0,1353,459.4666666662306,4616590.266666666
0,1354,459.66666666663514,4617091.0
0,1355,460.53333333293267,4617592.366666666
0,1356,460.2000000004409,4618092.566666667
0,1357,461.19999999973516,4618594.066666666
0,1358,461.19999999973516,4619094.6
0,1359,461.46666666663805,4619595.366666666
0,1360,462.03333333323826,4620096.466666667
0,1361,462.4999999996362,4620597.433333334
0,1362,462.99999999973807,4621098.466666667
0,1363,462.9000000004453,4621598.866666667
0,1364,463.36666666684323,4622099.866666666
0,1365,463.7333333330389,4622600.766666667
0,1366,464.1333333329385,4623101.666666666
0,1369,461.03333333303453,4624600.133333334
0,1371,462.800000000243,4625602.933333334
0,1372,464.20000000034634,4626104.833333334
0,1374,464.50000000004366,4627106.166666666
0,1375,464.2999999996391,4627606.5
0,1376,465.43333333374903,4628108.166666667
0,1377,465.900000000147,4628609.133333334
0,1378,465.666666666948,4629109.433333334
0,1380,463.80000000044674,4630108.600000001
0,1381,466.96666666684905,4630612.266666667
0,1382,467.23333333375194,4631113.066666666
0,1383,467.4666666669509,4631613.8
0,1384,467.53333333344926,4632114.4
0,1385,468.1000000000495,4632615.466666667
0,1387,469.60000000035507,4633618.0
0,1388,469.6333333331495,4634118.566666666
0,1389,469.7666666670557,4634619.233333333
0,1390,470.3666666664503,4635120.333333333
0,1391,470.1999999997497,4635620.699999999
0,1392,470.4333333329487,4636121.433333333
0,1393,470.8666666665522,4636622.4
0,1394,471.7000000000553,4637123.733333333
0,1395,471.89999999955035,4637624.466666666
0,1396,472.5333333335584,4638125.600000001
0,1397,472.6333333337607,4638626.233333333
0,1398,472.2333333329516,4639126.333333333
0,1399,472.1333333336588,4639626.766666668
0,1400,472.6333333337607,4640127.8
0,1401,475.4333333330578,4640631.1
0,1402,474.0666666666584,4641130.266666667
0,1404,472.33333333315386,4642129.566666666
0,1431,425.63333333328046,4683427.966666666
0,1432,421.7333333335773,4687424.7
0,1433,419.03333333357295,4691422.633333334
0,1434,415.5000000000655,4695419.766666667
0,1435,412.7666666663572,4699417.666666666
0,1436,410.06666666635283,4703415.6
0,1437,407.2666666670557,4707413.466666667
0,1438,404.19999999994616,4711411.033333333
0,1439,401.46666666623787,4715408.933333334
0,1440,399.23333333354094,4719407.366666667
0,1441,396.6000000000349,4723405.366666667
0,1442,393.90000000003056,4727403.3
0,1443,391.3666666667268,4731401.433333334
0,1444,388.2000000003245,4735398.9
0,1445,386.63333333352057,4739397.966666667
0,1446,384.39999999991414,4743396.399999999
0,1447,382.26666666651,4747394.9
0,1448,380.4666666665071,4751393.733333333
0,1449,378.20000000010623,4755392.133333334
0,1450,376.3666666663994,4759390.933333334
0,1451,374.63333333289484,4763389.833333333
0,1452,372.5000000004002,4767388.366666667
0,1453,371.06666666659294,4771387.566666666
0,1454,369.46666666699457,4775386.600000001
0,1455,367.8666666664867,4779385.666666666
0,1456,366.13333333298215,4783384.566666666
0,1457,364.89999999957945,4787383.966666666
0,1458,363.66666666708625,4791383.4
0,1459,362.233333333279,4795382.6
0,1460,361.20000000028085,4799382.2
0,1461,359.80000000017753,4803381.466666667
0,1462,358.9333333329705,4807381.233333332
0,1463,357.9333333336763,4811380.866666667
0,1464,356.79999999956635,4815380.4
0,1465,356.0333333334711,4819380.266666667
0,1466,360.7333333329734,4823385.6
0,1467,354.46666666666715,4827380.0
0,1468,353.6000000003696,4831379.766666667
0,1469,353.06666666656383,4835379.866666666
0,1470,352.39999999976135,4839379.866666666
0,1471,351.96666666706733,4843380.066666667
0,1472,351.2000000000626,4847379.933333334
0,1473,350.9666666668636,4851380.366666667
0,1474,350.4000000002634,4855380.433333334
0,1475,349.9000000001615,4859380.566666666
0,1476,349.8333333336632,4863381.166666667
0,1477,349.53333333305636,4867381.499999999
0,1478,349.13333333315677,4871381.733333333
0,1479,348.8666666662539,4875382.133333333
0,1480,348.2000000003609,4879382.100000001
0,1481,348.2000000003609,4883382.733333333
0,1482,347.8333333332557,4887383.033333333
0,1483,340.4000000000451,5053670.333333333
0,1484,338.49999999983993,5055669.0
0,1485,341.43333333304327,5057672.5
0,1486,341.69999999994616,5059674.600000001
0,1487,342.0333333333474,5061676.766666667
0,1488,342.5999999999476,5063679.133333333
0,1489,342.433333333247,5065680.8
0,1490,342.66666666644596,5067682.866666666
0,1491,343.20000000025175,5069685.2
0,1492,343.1666666665478,5071687.0
0,1493,343.2333333330462,5073688.9
0,1494,343.5666666664474,5075691.033333333
0,1496,344.1000000002532,5079695.233333333
0,1497,344.16666666675155,5081697.100000001
0,1498,344.3999999999505,5083699.166666666
0,1500,344.9000000000524,5087703.3
0,1501,344.73333333335177,5089704.966666667
0,1502,345.299999999952,5091707.366666666
0,1503,345.53333333315095,5093709.399999999
0,1504,345.56666666685487,5095711.266666668
0,1505,345.96666666675446,5097713.5
0,1506,346.1666666662495,5099715.499999999
0,1507,346.36666666665406,5101717.533333333
0,1508,346.400000000358,5103719.4
0,1509,346.5666666670586,5105721.366666666
0,1510,346.89999999955035,5107723.533333333
0,1511,344.60000000035507,5109723.066666667
0,1513,347.2666666666555,5113729.366666666
0,1514,347.0999999999549,5115731.033333333
0,1515,347.2333333329516,5117732.966666667
0,1516,347.5333333335584,5119735.1
0,1517,347.56666666635283,5121736.966666667
0,1518,347.933333333458,5123739.133333334
0,1519,347.933333333458,5125740.966666667
0,1520,348.0666666664547,5127742.933333333
0,1522,347.06666666625097,5131745.566666666
0,1523,346.09999999975116,5133746.433333333
0,1524,346.09999999975116,5135748.233333332
0,1527,344.4666666664489,5141752.066666667
0,1528,344.83333333355404,5143754.266666667
0,1529,345.4333333329487,5145756.7
0,1531,344.9000000000524,5149759.8
0,1532,345.09999999954744,5151761.833333333
0,1533,345.83333333375776,5153764.366666667
0,1537,343.533333333653,5161769.366666667
0,1538,343.9333333335526,5163771.6
0,1539,345.00000000025466,5165774.466666667
0,1541,339.799999999741,5169772.933333333
0,1542,343.5666666664474,5171778.499999999
0,1544,343.86666666705423,5175782.466666668
0,1545,342.80000000035216,5177783.200000001
0,1550,344.2333333332499,5187793.766666667
0,1551,341.3666666665449,5189792.733333333
0,1552,341.66666666624224,5191794.833333332
0,1553,342.53333333344926,5193797.533333333
0,1554,343.0333333335511,5195799.866666667
0,1555,343.60000000015134,5197802.233333333
0,1557,343.2333333330462,5201805.499999999
0,1558,343.73333333314804,5203807.833333333
0,1560,342.1333333335497,5207809.9
0,1561,342.80000000035216,5209812.366666667
0,1563,342.5999999999476,5213815.833333333
0,1564,343.1000000000495,5215818.133333333
0,1570,341.00000000034925,5227826.966666668
0,1571,341.66666666624224,5229829.466666666
0,1575,341.9999999996435,5237837.1
0,1576,342.5999999999476,5239839.5
0,1579,341.0666666668476,5245843.433333334
0,1580,341.3666666665449,5247845.566666666
0,1581,342.0333333333474,5249848.066666666
0,1582,341.80000000014843,5251849.633333333
0,1583,343.3999999997468,5253853.066666666
0,1584,340.86666666644305,5255852.366666666
0,1585,340.9333333329414,5257854.233333332
0,1587,343.966666666347,5261860.933333334
0,1589,341.6333333334478,5265862.233333333
0,1593,340.56666666674573,5273868.466666667
0,1594,340.7666666662408,5275870.466666666
0,1597,340.46666666654346,5281904.399999999
0,1598,340.8333333336486,5283905.333333334
0,1600,341.9000000003507,5287907.533333334
0,1601,342.26666666654637,5289908.466666667
0,1602,342.8666666668505,5291909.666666666
0,1603,343.20000000025175,5293910.566666667
0,1604,343.36666666695237,5295911.300000001
0,1605,343.8333333333503,5297912.333333334
0,1606,343.86666666705423,5299912.933333334
0,1607,344.3333333334522,5301913.966666667
0,1608,344.5000000001528,5303914.733333333
0,1609,344.73333333335177,5305915.533333334
0,1610,345.066666666753,5307916.433333334
0,1611,345.4666666666526,5309917.4
0,1612,345.3333333336559,5311917.833333334
0,1613,345.4666666666526,5313918.533333333
0,1614,345.96666666675446,5315919.633333334
0,1615,346.23333333365736,5317920.466666668
0,1616,345.93333333305054,5319920.733333333
0,1617,346.23333333365736,5321921.600000001
0,1618,346.49999999965075,5323922.433333334
0,1619,346.93333333325427,5325923.433333334
0,1620,346.9666666669582,5327924.066666667
0,1621,347.2666666666555,5329924.933333334
0,1622,347.2333333329516,5331925.466666667
0,1623,347.6666666665551,5333926.466666667
0,1624,347.7999999995518,5335927.166666666
0,1625,347.60000000005675,5337927.533333333
0,1626,347.6666666665551,5339928.2
0,1627,348.0666666664547,5341929.166666667
0,1628,348.0666666664547,5343929.733333333
0,1629,348.29999999965366,5345930.533333333
0,1630,348.2333333331553,5347931.033333333
0,1631,348.39999999985594,5349931.766666667
0,1632,348.2333333331553,5351932.2
0,1633,348.53333333376213,5353933.066666667
0,1634,348.6333333330549,5355933.733333333
0,1635,348.26666666685924,5357933.933333334
0,1636,348.53333333376213,5359934.766666668
0,1637,348.83333333345945,5361935.633333334
0,1638,348.8999999999578,5363936.300000001
0,1639,349.00000000016007,5365936.966666667
0,1640,349.2999999998574,5367937.833333333
0,1641,349.10000000036234,5369938.2
0,1642,349.3333333335613,5371939.0
0,1643,351.8999999996595,5373942.133333333
0,1644,349.13333333315677,5375939.966666667
0,1646,349.4333333337636,5379941.4
0,1647,349.53333333305636,5381942.066666666
0,1648,349.699999999757,5383942.8
0,1650,349.5999999995547,5387943.866666666
0,1651,349.5999999995547,5389944.433333333
0,1652,349.63333333325863,5391945.033333333
0,1653,349.10000000036234,5393945.066666667
0,1654,350.23333333356277,5395946.766666667
0,1655,349.93333333295595,5397947.033333333
0,1656,350.06666666686215,5399947.766666668
0,1657,349.8666666664576,5401948.133333334
0,1658,349.8333333336632,5403948.666666667
0,1659,348.83333333345945,5405948.233333333
0,1660,349.9666666666599,5407949.933333334
0,1661,350.2666666663572,5409950.8
0,1662,350.0999999996566,5411951.199999999
0,1663,351.2333333337665,5413952.933333334
0,1664,350.0999999996566,5415952.366666666
0,1665,350.2666666663572,5417953.1
0,1666,350.23333333356277,5419953.633333334
0,1667,350.23333333356277,5421954.2
0,1668,350.566666666964,5423955.100000001
0,1669,350.3000000000611,5425955.433333334
0,1670,350.1666666670644,5427955.866666667
0,1671,350.4333333330578,5429956.7
0,1672,350.19999999985885,5431957.033333333
0,1673,350.3000000000611,5433957.7
0,1674,350.2666666663572,5435958.233333332
0,1675,350.36666666655947,5437958.933333334
0,1676,350.36666666655947,5439959.5
0,1677,350.23333333356277,5441959.933333334
0,1678,350.4333333330578,5443960.699999999
0,1679,350.23333333356277,5445961.066666666
0,1680,350.4333333330578,5447961.833333333
0,1681,350.33333333376504,5449962.333333334
0,1682,350.59999999975844,5451963.166666666
0,1683,350.33333333376504,5453987.233333334
0,1684,350.46666666676174,5456006.733333333
0,1685,350.6999999999607,5458016.266666667
0,1686,350.59999999975844,5460016.766666667
0,1687,350.59999999975844,5462017.333333333
0,1688,350.6666666662568,5464017.966666667
0,1689,350.23333333356277,5466018.100000001
0,1690,350.8333333329574,5468019.266666667
0,1691,350.8333333329574,5470019.833333333
0,1692,350.90000000036525,5472020.500000001
0,1693,350.76666666645906,5474020.933333334
0,1694,350.4333333330578,5476021.166666666
0,1695,350.76666666645906,5478022.066666666
0,1696,350.86666666666133,5480022.733333333
0,1697,350.46666666676174,5482022.9
0,1698,350.73333333366463,5484023.766666668
0,1699,350.76666666645906,5486024.366666666
0,1700,350.63333333346236,5488024.8
0,1701,350.6666666662568,5490025.399999999
0,1702,350.800000000163,5492026.1
0,1703,350.4333333330578,5494026.3
0,1704,350.73333333366463,5496027.2
0,1705,351.0666666670659,5498028.100000001
0,1706,351.0666666670659,5500028.666666667
0,1707,350.86666666666133,5502029.033333333
0,1708,350.90000000036525,5504029.633333334
0,1709,351.0999999998603,5506030.399999999
0,1710,350.73333333366463,5508030.633333334
0,1711,350.800000000163,5510031.266666667
0,1712,351.1333333335642,5512032.166666667
0,1713,351.0666666670659,5514032.666666667
0,1714,350.63333333346236,5516032.8
0,1715,350.90000000036525,5518033.633333334
0,1716,351.0666666670659,5520034.366666667
0,1717,350.99999999965803,5522034.899999999
0,1718,350.9666666668636,5524035.433333334
0,1719,351.0999999998603,5526036.133333333
0,1720,350.9666666668636,5528036.566666666
0,1721,351.0999999998603,5530037.266666667
0,1722,350.73333333366463,5532037.466666667
0,1723,350.99999999965803,5534038.333333333
0,1724,350.99999999965803,5536038.899999999
0,1725,351.16666666635865,5538039.633333333
0,1726,350.90000000036525,5540039.933333334
0,1727,351.2000000000626,5542040.8
0,1728,351.1333333335642,5544041.3
0,1729,350.9666666668636,5546041.733333333
0,1730,351.43333333326154,5548042.766666667
0,1731,351.03333333336195,5550042.933333334
0,1732,351.43333333326154,5552043.899999999
0,1733,351.2666666665609,5554044.3
0,1734,351.2333333337665,5556044.833333333
0,1735,351.3999999995576,5558045.6
0,1736,351.6666666664605,5560046.433333333
0,1737,351.3666666667632,5562046.7
0,1738,351.0999999998603,5564047.0
0,1739,351.5333333334638,5566048.0
0,1740,351.2333333337665,5568048.266666667
0,1741,351.2666666665609,5570048.899999999
0,1742,351.16666666635865,5572049.366666666
0,1743,351.3999999995576,5574050.166666666
0,1746,351.3999999995576,5580051.866666666
0,1747,351.2666666665609,5582052.333333333
0,1748,351.6333333336661,5584053.266666667
0,1749,351.46666666696547,5586053.666666667
0,1750,351.4999999997599,5588054.266666666
0,1751,351.4999999997599,5590054.833333333
0,1752,351.4999999997599,5592055.4
0,1753,351.3333333330593,5594055.833333333
0,1754,351.56666666625824,5596056.633333333
0,1755,351.43333333326154,5598057.066666666
0,1756,351.46666666696547,5600057.666666667
0,1757,351.3333333330593,5602058.1
0,1758,351.59999999996217,5604058.933333334
0,1759,351.7666666666628,5606059.7
0,1760,351.56666666625824,5608060.066666666
0,1761,351.4999999997599,5610060.566666666
